2360
627
1892
2207
546
2205
838
2817
380
1118
2072
2415
670
3052
2930
63
1640
1119
1734
1378
1786
1304
580
1508
1539
1398
2410
1326
3055
2116
28
1962
660
1261
2885
160
1074
1073
1110
1880
317
854
609
1319
1886
2376
1657
741
731
2665
2671
739
1893
350
89
297
2801
176
1749
77
2012
2516
449
794
533
1135
455
1343
1790
3058
1186
21
1414
2570
2588
2400
1290
1498
2689
1364
1544
2926
997
2663
180
1630
1601
2632
2781
1242
9
2938
388
2913
556
2747
3076
813
1966
2106
2667
458
2283
2546
1769
2079
964
2679
1106
3040
1624
2566
169
1500
2589
2590
608
1776
1018
423
1050
1053
2558
1199
2367
1690
1048
322
755
2233
1464
2865
2334
1755
392
165
642
310
1324
2639
1878
2190
2637
604
1255
1170
355
2229
1349
2775
2031
1811
1246
2319
2701
2898
55
2464
1353
1691
2478
584
692
2370
762
2149
2393
191
2706
2383
3019
735
1707
2707
1904
1185
1678
2603
3028
776
2724
2092
313
1916
2794
998
841
2328
1897
1519
846
1967
818
2336
275
364
658
2841
1757
976
516
2903
1722
1258
2309
897
442
2901
908
2211
2166
1071
1695
1961
2468
2345
1037
1987
687
2218
2782
962
1072
949
1703
2347
2096
1369
1054
823
3046
1891
2978
1352
22
43
2420
2931
499
2247
1188
2163
3057
2399
2204
2851
2086
429
500
1617
2245
667
2352
208
2965
2357
1567
328
1438
1756
2136
737
572
1986
1233
2279
2105
2134
1951
2208
566
1754
2292
505
2832
229
524
2080
1518
2346
124
1303
1238
166
1985
2511
62
2802
2487
1299
326
1730
157
825
2120
2596
520
2089
2479
1109
3022
2760
1056
2024
798
2070
1486
2652
802
1406
2735
1126
1067
1929
521
111
1005
270
742
188
1507
899
3050
170
1090
1631
1622
2081
1874
1764
2854
2999
650
3059
999
2129
1570
2104
528
688
1390
2906
2084
1079
3004
2592
523
256
1704
2877
2303
1328
1628
1677
1814
629
152
2066
1331
2238
855
2686
3018
2776
172
799
2109
538
720
2529
2323
2491
349
2587
519
1850
2253
2628
507
2488
1858
1910
128
1332
2967
2982
2696
2221
1803
995
265
1195
3002
2243
1251
1453
1164
325
932
2685
2795
2014
1981
426
601
2067
2265
1660
2266
2659
1392
427
2329
1975
1337
2923
1166
2128
230
101
1674
287
271
1217
120
1226
2227
312
2330
2435
843
1963
2940
585
1844
2248
352
240
2213
1283
1930
403
493
764
845
1793
1477
2575
1184
4
592
2175
118
125
2886
717
286
1285
2042
824
2850
1340
334
2948
2619
651
64
195
827
110
462
142
2304
1174
1351
71
476
1488
1688
1735
690
1121
2769
196
1801
1505
1
2863
1765
2447
444
347
2167
974
2034
2148
1354
1606
2424
1812
1639
1039
1934
1913
578
666
2013
559
2869
711
2956
2919
2634
2426
1560
2235
747
1061
2522
1368
273
293
2918
2108
2970
599
1531
856
1273
882
281
2553
1127
1465
2306
872
2593
1454
1196
1489
1024
968
2847
2713
3082
1818
2610
594
2185
2620
2348
2324
2791
2748
2411
1461
2490
2390
2340
1837
1577
1921
2060
46
2250
2377
1215
1668
828
1716
822
2327
2644
613
982
787
39
1879
2874
1430
1289
1865
2899
861
116
2181
2451
1266
1687
2068
1882
2993
60
2456
1159
1179
300
2177
2497
406
2155
888
1758
1032
2960
2704
1372
1941
2037
218
2416
963
1664
1573
1365
2718
2821
1434
2052
2301
1650
2499
2335
539
2150
701
2252
468
1494
1145
1746
2924
389
54
2364
2082
1840
1399
2341
1980
459
2996
189
398
766
87
898
242
2606
253
1270
2381
401
12
1216
154
2969
1443
1584
2728
902
1983
415
1766
353
501
2388
2430
239
3029
1599
1092
705
1374
149
2236
1571
681
702
967
858
1689
3078
1062
793
1565
2138
2147
2734
1203
513
65
2484
122
1221
1807
2625
2744
3041
1457
1592
106
413
867
2653
1309
211
1495
460
301
1491
1641
209
1187
542
1432
3032
159
1942
247
2483
464
1778
3005
1629
102
1169
1160
2404
49
712
408
1810
491
1301
357
1872
1108
2857
2749
103
628
661
662
2557
1435
179
1924
616
2161
94
485
2994
2981
447
1240
2299
977
2709
1487
620
716
1767
2533
2063
2922
100
1259
785
1407
1345
2716
746
2753
2725
1026
1267
1529
2313
2878
131
1017
2705
771
2137
2342
2246
331
92
2755
1479
2611
138
3054
2750
1241
1673
2698
1938
1163
363
983
2984
1736
3062
2090
452
2474
611
709
693
2569
2834
2958
178
486
1632
1213
2441
2714
399
456
2165
2408
3003
3079
2286
1697
91
2986
1386
2621
3066
2099
1218
121
1445
227
2461
624
2741
2350
303
1996
2030
3026
2840
1902
1493
1243
2115
2300
1583
231
497
201
2699
52
25
1236
2622
2373
200
2240
1644
959
2421
221
1709
2337
719
1692
1909
2715
2032
190
1562
1214
1408
1586
2803
1482
2122
887
958
1405
2556
1663
2242
2001
1104
1132
1579
1478
1381
2534
634
2338
2459
2465
216
1333
1208
1318
2222
2743
2293
3011
718
36
366
569
2359
2917
991
1093
57
2544
260
1533
3015
2780
1189
1615
2576
1225
2002
2431
2460
1804
1359
2804
2039
2379
2998
1388
941
2623
1103
2111
503
1205
1288
1587
1684
2395
831
704
1156
1467
48
1257
870
1305
1543
2971
2273
2260
307
2554
2591
2815
1864
2517
780
706
2285
724
1339
1860
1045
318
1788
2995
1845
1600
1023
1409
1856
990
1325
881
2809
339
1922
1497
2189
2210
1207
3065
1237
2941
407
770
1783
417
2765
2131
279
2466
1595
929
910
2909
2812
1685
805
291
2107
2492
2793
815
3012
653
233
2992
254
550
2280
648
2656
1750
954
2987
373
2627
2021
306
1557
104
1920
1711
1347
3069
342
1798
2049
1831
600
889
2597
1642
1284
2560
2820
2691
727
1198
2398
2738
2651
1835
2294
147
2187
2657
1075
2904
2839
2547
5
2168
2932
2538
589
588
1389
757
1423
2907
2846
1739
1637
2506
360
3001
2036
756
1095
502
517
1984
2225
174
1597
2536
1895
336
232
2825
2308
2239
1452
2695
1602
2427
3049
791
2720
540
3077
2356
3042
914
2314
2054
1751
1001
2432
2436
268
1087
2789
1554
1200
3073
2277
115
316
1080
1420
1994
284
1451
1105
1772
525
749
1593
2893
2091
728
1041
2790
2158
3021
2604
1117
617
2048
1815
597
1770
595
1421
2372
1611
61
1568
1943
2196
850
1551
1712
97
1120
74
684
7
1771
978
263
1253
2955
2255
931
1616
2439
875
78
2083
3025
41
2842
3027
630
868
769
2249
2437
2805
470
1669
1129
370
2681
2444
207
29
637
112
1327
182
2902
2890
134
387
2900
821
2951
1229
1403
1861
2065
158
664
1012
2500
638
2972
2562
1919
2742
8
1991
1370
1530
1982
2141
1139
2920
2783
2152
445
2069
2807
1960
1859
552
511
1779
2209
237
1143
2365
574
582
2467
2977
2963
2947
396
2530
2440
1175
1314
11
847
618
2267
3000
1780
3033
1312
1556
1083
2417
2726
1449
2195
1623
1113
289
1458
2607
2353
2057
975
2425
625
1648
223
2766
1274
3008
1852
2475
2074
3014
2193
1727
1064
1535
2543
2414
1268
1956
2354
1708
1752
280
1659
1254
2602
257
1598
1548
2826
450
1760
1589
1502
335
2322
814
2672
1316
1847
2075
1717
1737
1151
3006
1700
1652
848
1057
790
1329
1313
1150
2382
748
1281
1862
226
351
2806
937
15
1162
2317
3016
892
1097
2532
842
1762
2445
422
2526
2231
2288
1806
1520
969
2498
1481
920
1638
2682
2733
3072
3030
479
1287
1322
1620
2745
145
1418
2928
988
2525
940
671
2792
1094
1357
2132
2073
2315
2284
1425
1124
105
1572
3053
2800
1603
1948
2827
2369
570
1992
906
623
2835
1899
1410
2028
2058
2542
2056
1988
2818
786
946
2274
2202
2453
1797
2095
1140
3070
69
2097
2895
1842
2375
1475
631
510
473
803
1158
2717
2171
1955
562
904
222
2442
2582
2540
277
1789
1693
496
2883
761
2853
1146
534
1903
3023
1871
340
643
44
1439
72
394
2325
2633
2624
2194
1404
2387
2943
1031
784
934
107
873
2144
2510
2145
2275
2933
2394
1137
2271
1720
1526
248
1940
869
807
2580
3024
1912
2179
678
1141
1740
883
1223
1035
1816
2026
740
1744
2121
2537
2739
1455
922
421
2050
1341
1043
1161
2615
68
2482
126
37
605
2140
714
1014
2004
1965
1411
2797
1998
1536
2384
928
1361
3068
1291
1753
3034
393
337
238
2047
2088
1415
487
2183
3039
164
636
2586
1590
1030
2585
2297
1608
2594
795
346
2859
2443
2875
332
2626
2015
1201
2496
1058
923
3009
1492
292
1802
1307
849
490
1926
1569
266
2952
2767
2721
1222
1732
330
1876
710
2291
246
2559
1232
1260
2945
686
1513
672
602
2192
129
1612
2311
446
1523
1091
626
696
2810
3043
1130
1821
1591
2130
989
448
3080
214
1524
1429
1483
697
488
1609
1360
84
1900
2244
1725
23
2784
2934
1582
2258
1972
707
210
2184
220
1433
1863
2281
2822
644
866
1306
859
765
758
2896
563
913
583
2198
871
2942
367
1450
3081
3038
2000
3020
258
930
1009
1654
816
1923
114
2295
217
607
171
1133
1397
1401
2844
1228
2578
839
2550
143
1774
1564
1649
543
2914
945
955
2935
2401
2771
2472
2668
581
1559
467
2813
2428
1944
987
2462
1643
1391
1375
2191
2022
708
916
1387
514
680
1165
86
2391
1122
1731
30
2040
1107
971
167
311
675
2230
1344
957
298
1655
1927
3061
641
1974
1193
2268
262
1549
358
1412
596
2929
753
2864
1561
1152
2143
1999
1873
1002
1614
31
2044
2700
2110
1679
2763
2641
302
2598
244
754
2007
2959
2989
1282
495
341
1206
554
654
1476
512
155
1658
2351
2694
1537
1932
1761
3007
135
1728
369
817
2798
1714
679
205
1295
83
2124
235
2729
1244
267
774
862
1427
2778
1633
451
1473
778
1382
1578
695
17
994
2925
2855
2470
2199
418
2019
779
2702
789
59
2786
1958
2429
1953
2023
833
478
1680
1647
2727
1501
2968
1456
2856
26
2849
2371
296
834
2990
1116
494
2770
544
2646
2059
338
782
1898
2505
1651
329
1338
1033
2368
400
343
2824
76
649
3075
2692
1553
547
655
576
2320
371
1875
323
948
437
2736
2457
518
2571
877
1838
47
1480
1521
2631
3044
1098
3071
1192
1867
441
255
1785
344
579
961
1748
2915
938
2910
2830
241
2162
1723
443
471
2966
482
835
738
2219
548
736
264
2858
333
1153
911
2881
1413
1635
2228
1626
2172
2711
1262
1787
1356
2362
2635
2867
1034
2200
2051
2861
1459
2289
1973
986
383
2333
1394
1417
184
1469
2584
278
2214
2254
1086
186
113
1294
414
729
2796
545
2123
1315
1076
1532
2608
1710
395
234
2156
2845
215
2402
557
2344
2100
161
656
2392
2823
1171
2565
2921
2407
1877
732
2833
2788
2618
1745
2973
1025
2866
775
2154
117
537
1713
1384
2173
1377
2683
1099
3084
1675
1173
1610
2029
2777
1527
1588
2005
1759
1280
1191
652
745
150
1538
1575
619
1209
700
2071
2409
2650
1297
632
2117
24
32
1829
457
1866
2647
2983
1839
1968
1447
2979
2664
1682
2551
53
2669
146
2159
2495
907
1868
1534
2008
2609
2572
2203
2146
1896
1277
2256
965
2287
1085
2870
2455
2583
1665
1826
348
382
586
272
2605
368
1167
3037
282
1278
1194
1131
890
1471
1540
2754
577
2423
1516
1799
305
1884
743
1168
1115
884
1052
2216
2035
909
2670
809
2737
2463
1885
2374
1100
1791
2153
2759
1781
1848
1503
480
168
673
1440
1040
2936
1917
1843
2102
1311
80
2811
2678
2201
1317
535
1627
621
141
659
772
130
2950
992
943
942
1971
2629
682
844
829
2616
2103
677
1219
1176
925
2690
1428
1925
2422
461
183
2730
1836
2
2027
498
249
3045
1296
425
593
900
936
980
1676
895
1065
1068
2119
947
549
187
1069
2779
213
1666
2772
1172
2489
1000
1142
391
2600
1581
2355
551
365
760
2257
565
1970
2520
2852
836
1625
27
1715
1822
685
2636
259
2891
2577
2894
327
2127
385
1485
2481
20
386
245
433
472
2985
1763
436
2157
645
1604
1605
1939
1546
1933
2302
2182
1247
2473
2433
694
2974
1472
1541
132
320
2009
1937
463
1889
1705
1111
315
1977
2504
1828
1334
2887
283
1834
397
228
252
1515
1775
1936
721
722
973
1462
515
2785
876
1888
431
852
2756
1890
1613
10
1234
2523
3056
1395
2485
294
2446
2126
1363
1302
38
2829
410
489
1607
33
1931
1511
2406
2178
2380
139
2988
151
1038
2438
1509
1211
1463
2643
419
2642
2386
2563
917
1653
1741
2098
440
646
2272
2549
2169
96
2732
1881
1128
2226
1468
1580
2224
2197
2579
1442
1547
811
1336
1358
162
2312
1178
575
657
979
1833
819
2927
1059
2552
568
1841
508
1667
773
2142
411
362
2452
529
1846
454
1416
639
1696
796
1656
384
2545
2768
939
2046
734
2535
2290
1366
274
573
3051
177
2746
2814
863
921
665
1947
2687
435
2723
1292
2043
2418
2531
1795
1400
1820
1474
2469
1182
2997
933
2897
0
1101
1701
1310
321
2693
1422
2412
703
153
2980
763
1348
733
1224
683
1272
1954
1969
1020
1773
2217
2215
2991
1149
1743
193
1957
2502
2174
2016
603
1335
530
416
2722
2541
2630
404
409
2419
2062
1729
1448
1522
886
810
2703
1044
2868
402
2188
1202
2961
2662
960
2595
1154
2471
203
1183
752
290
314
567
1320
2939
2912
67
1134
1905
1747
2976
1989
2318
2125
42
912
2957
2276
361
2527
194
2648
2405
1853
3060
622
453
2164
1147
1070
1506
1245
412
2507
800
587
1084
3035
276
1576
85
2486
420
1402
1271
1883
1248
2514
2512
288
1042
1077
783
185
345
3036
2349
1825
1849
137
1869
2908
304
2363
2666
1918
1136
1239
2518
1063
73
1027
1777
484
781
1046
1013
1256
1446
79
2378
669
1265
1855
2434
1010
993
1155
319
1379
2740
2326
759
952
532
1466
2241
853
1517
163
1321
56
1552
212
2568
1293
156
378
2799
1431
1870
2501
2176
1114
1437
1827
492
2064
2888
2675
1634
1028
918
2828
633
2454
2808
1204
243
2480
2282
2876
1887
1015
730
3074
1029
1125
390
1952
1661
2212
51
1006
2954
1249
19
615
509
2674
3031
1047
891
236
767
219
439
698
474
2448
309
555
198
571
2476
1830
2133
2261
2118
2358
750
2880
2708
2331
2017
1993
1525
894
127
133
372
2038
465
1499
1699
1946
1950
3
2676
1718
99
58
1275
2949
590
354
506
1112
2310
2078
591
1323
2764
1911
2710
2449
375
93
2055
2101
1148
1702
950
3010
2316
2278
2836
744
2135
1681
1979
893
2573
1007
2937
1003
405
1800
1894
430
598
2843
424
2151
2751
1286
2085
1210
1049
2264
830
173
2677
123
1824
522
2638
2003
2975
269
1915
108
2654
2658
2762
1419
2413
2389
356
2731
2697
1976
2911
1096
1373
1542
1490
635
1385
2180
81
136
2237
1235
837
1180
34
864
1645
2649
1819
1181
1355
1566
1796
541
1078
2025
820
1706
45
250
98
2905
1721
224
2660
1945
13
1144
1350
2076
966
2270
2403
2872
2539
610
2962
202
857
2528
285
3067
1371
199
50
1157
2513
1276
2574
2719
1011
903
2262
1670
469
1906
1367
3047
1719
663
1036
1300
2645
1995
379
1907
2617
2524
1914
376
879
88
2397
2655
2061
981
1959
251
95
2860
2232
2816
2385
2339
1484
2296
1212
2450
874
1514
1220
1823
2680
2555
2612
905
2458
2837
777
35
2139
826
1227
18
860
1436
1908
1978
2170
175
2661
1081
1460
919
2113
1935
197
148
1250
2251
536
1733
726
2114
2477
2011
768
2269
1997
1619
723
1298
3064
1346
1555
606
985
2757
1805
2010
1022
109
90
466
1574
1646
553
996
2862
2321
1016
2944
676
878
1123
953
1792
2093
2041
2787
2831
2758
1698
1252
1231
2564
204
2882
1424
1263
851
927
2018
2879
295
788
1671
2873
1949
1082
1596
434
1308
2521
806
2567
3013
612
699
6
1742
614
901
804
674
2112
2614
2640
504
481
691
2581
1794
2223
2684
640
2234
