9106
7749
5728
111
2933
4672
4532
4995
791
1386
8032
3025
9448
267
11473
11022
7209
9980
11597
11430
4377
8625
6522
2314
5143
6918
3406
10818
10247
4432
7015
3412
8803
4844
11306
8697
9816
8540
8176
6893
2672
3350
3721
8287
331
181
8119
8551
9560
5367
2449
8484
6102
9954
4903
4628
10931
2132
3008
11054
7558
1967
9446
7682
10804
7407
5818
3231
2091
10181
2820
996
1618
10085
922
4705
6049
7411
6055
10984
7664
7894
9883
11233
4539
10133
3034
5231
9379
6786
6610
808
9257
3647
7731
7170
2218
2170
9166
8841
7998
5692
11075
10324
5151
9626
6601
6013
2807
3366
1457
9863
652
4215
8845
10867
1994
170
10075
1024
10204
4256
7029
2300
7970
11278
7361
1601
10801
1599
8015
11095
4397
3309
4941
10775
11450
6311
6149
9055
2138
5263
1521
6681
1093
6509
6807
6176
9228
9584
925
4241
7883
5404
5434
2172
4463
9715
5970
1157
3119
10285
1816
4959
8038
4901
6772
7954
601
1078
298
1762
3827
7755
1556
1065
4504
6376
3870
9245
5582
10627
5028
2690
10960
1528
4702
242
3726
8873
3594
9624
10209
237
4515
2439
7415
1134
8593
10641
5941
5070
5943
11305
10095
8583
3700
5988
6850
3262
5758
11143
7054
5800
11474
11585
1302
5208
9006
11169
5890
9498
10069
7673
6281
9134
9718
7757
8433
2534
4267
5513
9797
2833
9766
3521
6312
10128
10290
11190
7424
10564
1070
2317
4700
3905
11035
8710
10447
1021
2210
2777
2430
992
3930
2999
8103
11106
102
10404
9076
5904
3854
7815
7360
3087
10651
3071
7075
2877
6095
5463
3411
2460
9949
7137
10101
10840
8521
5160
9583
8320
3900
7359
1999
6565
8410
10583
2333
475
144
838
4654
1953
3343
11131
5918
4472
3792
10764
4613
4618
2927
10975
1331
9764
10159
7149
4236
4048
8505
6384
1609
9599
10424
3176
420
1473
1724
2955
154
95
6586
3340
11560
9631
9745
4247
11201
4676
2882
35
2422
8861
6963
8992
8351
6726
9825
9222
7112
3073
4734
8073
8878
5877
4988
9713
7824
344
9280
3593
962
10106
8579
6197
8802
1307
5840
7822
6669
1147
4374
2014
4906
6961
11523
8434
1669
8069
1636
2320
1228
721
9776
3994
3951
5560
3415
7068
3260
6118
627
9763
33
7292
3875
2096
7933
7888
10854
10099
8652
8543
4222
8141
10828
4888
7959
9128
8193
2973
4639
3998
6238
2100
7130
919
7098
1561
5239
2572
10078
6585
7460
835
4991
9291
207
10747
9697
1426
280
7145
772
5987
7463
10701
7057
4002
3228
8533
1723
8891
11202
1253
3491
3346
4487
9615
9936
10990
7052
5502
10785
7326
5509
8188
10301
5996
2785
1877
4938
1481
4464
3061
2954
8430
3093
6308
3236
3826
9663
881
10401
1236
3369
6711
9469
208
6486
1132
326
10261
8349
4920
6776
387
8838
7648
10031
8325
3695
41
3104
7974
7323
11240
2038
2215
4111
2588
8012
1647
1416
10816
5253
6325
3304
330
4567
3288
877
9805
1917
1023
5577
4600
10251
8243
11189
1969
11431
8350
4575
443
9904
175
9787
10758
6607
1187
9721
10241
987
7134
6185
10402
10367
11136
5131
4421
8853
9940
9428
2539
5621
1115
3583
2688
10760
4976
2608
1352
1421
7254
2583
4529
3275
3681
7378
6897
8370
2452
9022
7699
1845
2039
512
3438
4686
5100
9486
5137
1893
11146
9407
5203
764
7732
11011
10813
1239
3673
4897
4124
3727
3106
4206
9378
10050
2463
1537
5637
7725
6696
640
7207
10322
6210
3917
3150
3569
3218
2288
3513
9573
2445
3256
11122
4433
1487
2510
4123
4714
7413
2771
4733
2068
11176
4420
5217
6159
10242
7486
1158
11349
9714
3037
6107
7295
2368
2598
4273
1492
8383
9735
1959
5602
679
8846
4242
5088
3482
10744
2043
3922
4563
5846
5690
8711
11072
6265
8014
2748
167
7441
3733
8142
9996
2141
10152
5508
11518
2783
2168
2619
360
8788
6778
8620
2815
4577
9701
7025
9100
686
1451
9679
11478
5065
2724
9826
3865
3610
3746
3560
10300
8617
9427
10933
614
7101
4138
5668
11030
1182
11015
465
8889
934
2734
10829
1064
10311
11113
10018
1119
7840
7083
9495
2998
8304
5851
839
1786
7927
4268
9186
445
7704
6908
448
4887
6041
10968
7613
8450
2276
3016
4088
2538
4193
1424
10155
5451
10388
3489
3475
4940
5501
11434
1635
9255
5445
1423
1901
4883
1467
4318
5055
1536
4597
2042
7739
7969
334
6284
6974
6950
11179
10373
9192
2304
9771
7349
10711
11426
10355
6670
401
3858
402
226
5234
1593
4726
5819
7843
3100
7179
11558
4293
7825
4403
2494
725
8291
6420
4812
7938
7574
6985
9576
4158
4774
6957
1755
6337
2799
4994
1303
6853
3348
6602
5050
593
7670
7961
3540
9578
3074
8056
3185
11420
6475
5495
3662
520
5120
5402
4758
9960
6054
10704
10061
7784
4269
5270
3898
8458
7278
7248
7509
1873
5487
9361
1890
4591
5909
39
6646
2792
5925
364
7381
5363
786
6117
2217
2064
7545
6823
413
1751
2971
2146
2842
6941
467
8369
3745
3871
48
2529
9281
37
6545
2620
1524
7216
4303
1831
4212
3605
7986
5337
1008
486
7230
9955
8006
4143
2814
8547
622
8965
10236
3484
9147
727
7730
2879
6089
8784
10318
9935
4534
5721
2656
6660
2459
9443
5779
5097
1926
10211
9276
2635
6328
11091
3205
1956
8799
8413
4919
1961
11284
5553
1149
3251
10329
3698
9274
538
3378
10751
28
4886
5759
447
9884
452
7175
2744
11381
2876
4952
2408
508
10255
4137
4616
1250
4311
5273
11534
7144
1806
4904
1319
8334
9716
9832
10345
9699
9406
7672
5604
10344
6871
5521
8185
1747
4132
8001
6899
4541
8506
8280
7756
9074
5202
4624
6531
4980
5490
6250
9586
422
5951
1245
1862
3669
9820
1373
8209
2621
8978
11481
8036
4018
10533
4909
4347
2225
6066
6321
9132
5933
2108
10907
8229
481
7981
3874
3935
1748
6372
3885
4698
10506
565
10822
7940
3315
5937
1659
1859
1234
5598
10737
3273
4181
8951
1631
6768
1193
9672
2270
2773
5107
5172
4717
7829
6665
6046
1541
9809
1679
1853
7726
6554
4423
9353
11293
9874
5319
10015
9497
10540
3923
3004
7991
11147
8791
10365
4398
3932
9340
3194
4498
3555
4795
9514
1217
9859
54
6275
419
8468
3099
252
6507
2476
11151
6219
10009
10772
9795
2597
9171
1937
4089
3760
11116
1311
7760
6434
10509
5699
7661
9533
1563
7990
8872
8626
10780
2991
1316
3284
10967
5544
7435
2286
942
10784
4615
1810
6302
8424
7832
9783
10823
10905
5058
6442
7412
6326
3334
7765
4125
3542
2841
509
9740
165
2638
5496
1996
7324
9225
5724
1921
6200
3056
9854
6934
3637
8236
1910
9985
10930
8654
9953
7059
5607
3440
2135
6611
8816
3476
1210
4257
2021
10422
6814
6719
5201
1450
188
9146
6443
7238
5894
1343
9691
3655
7582
10759
1796
4133
9987
3891
6975
5241
5257
9500
11404
5380
2718
2537
9630
9875
3289
7639
8882
9667
1841
3813
255
1562
7568
9148
3010
9000
8847
7530
4911
8995
5093
3712
9543
11232
1398
7365
6129
1112
7391
1760
11352
4127
1904
5773
256
6825
4328
8298
1920
2982
6290
4150
6657
6343
3807
10032
6512
228
6292
9077
8402
2131
2323
8362
2219
4585
11246
4978
1550
2037
5830
2784
7802
6574
3675
5510
307
2399
9315
8746
261
8915
11462
4874
4301
2208
11281
3367
1739
9465
10303
7738
8273
9115
3765
4982
5735
5447
3784
2486
4865
11135
6904
6510
2485
2015
1209
6697
5440
738
8723
9870
2511
4407
7925
6424
8952
3478
10083
233
11528
9067
3011
5973
8135
5170
9388
1411
5793
7371
4101
2929
4583
6085
2745
1832
9612
11339
6291
9539
8722
117
5324
10116
3057
5299
5453
5691
6659
9625
7819
610
3856
4475
10180
8404
2004
9322
9394
10652
2307
7810
10773
11256
2804
7447
1673
8399
5389
489
1611
8935
8023
2001
10105
2756
121
4015
8796
1533
1554
10501
11516
4072
7409
2604
4817
543
3797
2528
8130
8347
3548
3425
5255
3739
6978
5046
1337
7088
1989
10048
11499
5556
10369
2662
6236
11451
4872
2791
676
2050
1617
1211
1620
9515
7270
5027
10656
11583
8382
889
485
10269
11416
3498
542
4930
8150
3196
4762
4530
3149
5910
9451
11157
382
10971
11119
7659
675
7234
8948
4263
2492
5991
8464
3580
4617
7667
6517
8601
10082
410
11263
11318
4889
3882
6470
1746
845
5345
5761
3617
1326
9508
1087
4314
7786
11466
1892
6969
7286
2808
7476
10267
1374
4557
554
10176
6319
8864
5857
8086
6181
5014
7348
5744
8868
6030
4560
6413
3368
5365
8403
7186
3919
10515
1779
2365
4853
7989
3206
9037
3264
6958
11038
3474
909
11456
5396
7197
9209
9808
2122
10427
9264
10010
4579
9020
761
2243
7009
9610
11222
1422
10568
4939
9494
1127
11118
10547
642
4576
5146
8192
9479
511
4453
9660
4496
9190
5648
9711
4670
6393
948
11301
8051
5302
1031
4172
9093
9804
6977
194
2058
8597
3261
1385
5077
7594
1913
7126
613
11039
431
7195
301
1805
8336
8760
1767
213
6818
4723
7923
2338
7379
8372
4344
4460
888
11440
8417
4349
6379
457
1208
2740
7763
5829
10959
2698
9309
9424
6795
3107
7223
7306
4517
2248
8898
3232
2332
2519
3120
9167
7896
5209
3207
5950
8289
11555
1663
8299
8288
2316
9069
6972
98
234
3429
332
11079
8301
3097
3220
5021
11084
1835
883
5832
1866
4636
2027
3722
10915
423
4913
8440
583
1949
10049
2634
1376
3977
3319
7668
6242
3710
426
4626
10755
122
2451
4946
11018
235
4755
9450
7600
1096
9120
605
5554
61
4873
7200
1269
3401
1833
6239
10736
107
8375
8926
1509
8266
2817
11234
5332
10530
8932
5011
8855
1347
8829
670
10184
2461
8234
6216
7517
8159
7330
2472
5452
7804
9723
10537
403
5339
1349
3509
439
9572
6244
5047
9198
5310
9564
5528
2053
9616
3795
534
5457
3971
10395
7255
10800
10158
2504
6260
6492
8938
7105
2484
5215
6024
6763
6455
6352
180
5870
567
984
11330
8268
1657
1320
2242
897
7425
52
5518
4254
10234
9063
1143
10721
3599
6090
11242
2287
6481
5902
1268
3499
10909
10268
5882
8364
10535
2258
707
8407
3373
8733
8122
286
8674
958
3015
4255
562
1367
9244
9633
6050
9221
8808
320
9263
4313
3250
3539
2297
396
2709
6169
11200
2986
392
4494
5605
6852
397
3614
361
147
7623
6839
4259
4589
11105
536
8178
4711
317
6544
2828
4224
9869
5438
2281
2343
1960
5178
3050
8619
9416
7567
7649
10208
6765
151
3526
10855
2587
2863
4307
254
736
6415
6460
7794
2395
9220
2044
7372
1247
476
9803
7675
10347
4442
1356
4885
2233
103
8787
1655
8592
1880
9941
9158
4415
3477
1977
7114
6073
3541
4062
4067
7050
408
4183
6005
6774
1097
5594
5535
9969
10570
1570
9907
5592
2379
924
3510
2568
7233
5628
6564
10243
955
11219
6296
1402
2647
8201
3988
4352
1104
2189
3295
10793
6885
2580
6902
3229
6865
6043
4972
9492
10983
3876
11495
9292
3860
5551
4679
8683
3758
10042
9269
1133
2421
10825
11086
5826
3327
11267
6916
10532
4209
3318
8005
4331
8892
3371
6892
2182
793
3427
2776
3551
3001
9914
5654
9266
10414
9061
3689
4674
1993
2041
9156
6851
1660
4038
4167
1625
6704
805
9644
8256
1083
3292
10124
8609
6246
8145
7438
8571
2823
1449
3002
4020
2475
4332
5780
198
2531
1452
1258
11338
6457
5723
10129
8264
11379
119
5700
105
9945
9655
10572
4459
3814
7064
2322
10154
7946
9634
1389
1142
9562
4456
8
3464
762
2632
10296
651
3098
8973
1531
11277
7595
1686
10481
6247
5958
8384
1643
11159
4975
7095
9729
6716
3965
2076
11457
882
2250
6534
4194
6947
10349
7047
3024
8622
1709
1138
149
7399
8605
3357
6286
9532
7777
11526
11579
3148
8975
10977
8515
11013
8472
8959
1495
5524
3384
9367
11384
6536
6377
6408
9175
3324
7282
7996
4107
1114
6019
9050
5642
1232
3377
1678
4599
5797
4010
9998
6668
3664
4810
6700
10146
4881
11432
5112
3067
9258
4375
4054
6008
10589
1189
6369
2739
9270
4851
10782
6666
10937
10924
9867
8165
2000
7821
3059
1552
1413
5374
4239
2585
5119
5118
8429
11524
6150
4608
4119
657
11380
3941
2255
11291
4836
4662
6530
4845
9608
4893
2075
7116
10928
2403
9575
5448
5655
11023
1186
3537
4730
9368
7968
9177
5887
4899
6367
8182
4833
3461
8196
3650
6190
6701
939
10820
10544
7214
5720
3680
11053
1264
6255
11594
10412
10922
8858
6259
1540
1224
11163
10653
7722
94
728
3217
2315
3625
2162
1438
2086
5383
2849
5384
5856
10668
4612
2671
9422
5073
9329
10994
10121
8649
8435
2764
5505
6162
10945
9994
2726
2329
3925
1202
1525
10485
1414
936
4752
6559
11100
3803
644
5199
7303
8116
6682
214
1889
4805
5612
5388
2742
5154
5060
599
4201
7505
1055
7440
8147
10113
8318
7342
5578
5767
10192
790
10644
2810
10156
980
3310
11102
8856
6922
6375
9007
153
8330
3290
1057
11548
2113
270
458
329
3479
7150
1596
9052
8160
650
7073
2979
2049
7709
913
5359
7007
3938
8296
2446
7884
2838
5588
8412
8851
607
7579
9485
5552
3839
9565
4480
4522
6798
2763
7387
7897
4073
2194
603
8126
11098
1293
1192
3365
10514
5069
11475
3414
7406
11117
9133
6505
6044
4948
11458
4798
931
10312
4990
4637
4214
7316
10944
3331
4642
5601
4655
2381
7630
6640
4103
3649
9481
4166
7691
9363
5543
4188
5754
7831
7753
10842
4657
5401
2683
428
7807
1547
484
9139
7702
7983
4162
5414
7951
1555
7
2394
524
11266
5651
9798
9509
3724
10259
5243
1874
8807
6962
5935
9891
3186
3230
7462
2340
1785
831
7257
2077
223
4831
8815
4891
9066
10927
11429
8490
5498
9419
5876
9219
2643
9983
8477
6373
9844
2779
8964
3077
3613
8393
3845
4045
576
530
9657
2714
9205
7168
2438
926
7663
7142
9019
7314
11061
2789
9127
219
5576
3738
8832
5326
10623
8453
8405
5778
4363
1938
10088
8496
10740
6736
4914
3502
352
8003
6877
8514
3635
8785
5681
453
9962
3543
10306
3076
1621
8766
6113
3398
6550
6462
11373
550
6914
10883
8428
3297
1871
7640
2045
10600
6217
10405
7335
10408
6493
3743
7611
9330
10898
10875
9683
4395
10499
9749
9923
4134
2390
3320
9247
2167
5844
5089
2271
11148
2207
10524
9306
6583
7203
10406
6173
8900
4659
3305
11394
1867
10777
1566
8713
6628
8244
10417
1257
8974
4436
885
4898
342
823
1475
2254
6262
2115
2655
3622
666
10114
2387
8689
6009
363
2376
11295
1987
3639
10637
1464
11414
8391
9548
5268
7089
7078
5280
10353
10011
5304
8124
8742
5931
2557
10044
7370
9688
1720
7772
3070
5106
9248
6323
10713
9218
10770
6035
5341
9366
4229
1803
6069
4900
4929
778
9810
2216
8764
1072
6887
5322
1836
8044
3041
1368
6568
3456
3783
2130
8205
2465
9070
9447
4859
9320
7506
10593
11501
756
8613
10482
9931
3706
2665
7904
5503
73
4632
11210
2535
4126
4240
10079
4979
2491
5171
1418
8398
635
10253
3116
1865
7190
2391
7485
8944
1776
7978
8745
7680
671
9671
7873
268
5839
10047
9395
5321
8763
9552
2650
8045
5731
943
8035
9213
10609
10949
9752
1215
1028
9973
2120
2
5356
1351
11024
5843
8489
8259
701
11155
3040
9099
499
36
11537
8762
4807
6365
2302
5033
1488
8534
591
3417
10872
5763
4443
5267
2895
8074
10246
4866
11464
5371
910
7036
2470
5529
1040
999
5567
6018
10271
4675
10468
10307
9664
3734
9196
3266
8702
10435
6336
7813
3193
10809
4353
564
4804
7737
6051
2678
3626
1363
3436
1792
10916
8316
4238
7642
5696
7472
4060
7345
5666
2781
3351
10748
5099
7766
9445
8963
6386
2582
5809
10634
3852
2321
6683
5732
3023
8738
11028
1267
8916
4437
9207
9456
6743
9946
2204
1581
3009
